#aktschritt 	 uEuler 	 vEuler 	 uRunge 	 vRunge
# a=0.1	 b=0.1	 u0=0.1	 v0=0.01
0	0.1	0.01	0.1	0.01
1	0.10005	0.05995	0.100146	0.0598251
2	0.100325	0.10965	0.100432	0.109399
3	0.100714	0.159098	0.100805	0.158721
4	0.101164	0.208291	0.101232	0.207785
5	0.101648	0.257225	0.101697	0.25659
6	0.102153	0.305897	0.102187	0.30513
7	0.102672	0.3543	0.102695	0.353402
8	0.103204	0.402433	0.103218	0.401402
9	0.103745	0.45029	0.103753	0.449124
10	0.104296	0.497867	0.104299	0.496566
11	0.104856	0.545159	0.104856	0.543721
12	0.105425	0.592162	0.105422	0.590586
13	0.106003	0.638871	0.105997	0.637156
14	0.106591	0.685282	0.106583	0.683426
15	0.107188	0.731389	0.107178	0.729391
16	0.107796	0.777187	0.107783	0.775045
17	0.108413	0.822672	0.108399	0.820385
18	0.109041	0.867837	0.109025	0.865404
19	0.10968	0.912678	0.109661	0.910097
20	0.11033	0.957188	0.110308	0.954458
21	0.110991	1.00136	0.110967	0.998481
22	0.111663	1.04519	0.111637	1.04216
23	0.112348	1.08868	0.112318	1.08549
24	0.113044	1.13181	0.113012	1.12846
25	0.113754	1.17458	0.113719	1.17108
26	0.114476	1.21698	0.114438	1.21332
27	0.115212	1.259	0.115171	1.25518
28	0.115962	1.30065	0.115917	1.29667
29	0.116726	1.3419	0.116677	1.33776
30	0.117505	1.38276	0.117452	1.37845
31	0.118299	1.42321	0.118241	1.41874
32	0.119108	1.46326	0.119046	1.45861
33	0.119933	1.50288	0.119867	1.49807
34	0.120775	1.54207	0.120704	1.53709
35	0.121634	1.58082	0.121558	1.57567
36	0.122511	1.61913	0.122429	1.6138
37	0.123406	1.65698	0.123318	1.65148
38	0.12432	1.69436	0.124226	1.68868
39	0.125254	1.73126	0.125152	1.72541
40	0.126207	1.76768	0.126099	1.76166
41	0.127182	1.80361	0.127066	1.7974
42	0.128178	1.83902	0.128054	1.83263
43	0.129196	1.87391	0.129063	1.86734
44	0.130237	1.90827	0.130096	1.90152
45	0.131302	1.94209	0.131151	1.93516
46	0.132392	1.97535	0.132231	1.96823
47	0.133508	2.00804	0.133335	2.00074
48	0.13465	2.04014	0.134465	2.03266
49	0.135819	2.07165	0.135622	2.06398
50	0.137017	2.10254	0.136807	2.09469
51	0.138245	2.1328	0.13802	2.12477
52	0.139503	2.16242	0.139263	2.15421
53	0.140793	2.19138	0.140537	2.18299
54	0.142116	2.21966	0.141842	2.21109
55	0.143473	2.24724	0.14318	2.23849
56	0.144866	2.27412	0.144553	2.26519
57	0.146295	2.30025	0.14596	2.29116
58	0.147763	2.32564	0.147404	2.31637
59	0.14927	2.35025	0.148887	2.34082
60	0.150819	2.37406	0.150408	2.36448
61	0.15241	2.39706	0.15197	2.38732
62	0.154046	2.41922	0.153573	2.40933
63	0.155727	2.44052	0.15522	2.43049
64	0.157456	2.46093	0.156912	2.45077
65	0.159234	2.48042	0.15865	2.47014
66	0.161063	2.49897	0.160436	2.48859
67	0.162945	2.51656	0.16227	2.50608
68	0.164881	2.53315	0.164155	2.52259
69	0.166873	2.54872	0.166091	2.53809
70	0.168923	2.56323	0.168081	2.55256
71	0.171033	2.57666	0.170124	2.56597
72	0.173203	2.58898	0.172222	2.57829
73	0.175435	2.60014	0.174375	2.58949
74	0.177731	2.61013	0.176584	2.59954
75	0.18009	2.6189	0.17885	2.60842
76	0.182514	2.62644	0.181171	2.6161
77	0.185002	2.63269	0.183546	2.62254
78	0.187554	2.63764	0.185975	2.62774
79	0.190168	2.64125	0.188455	2.63165
80	0.192843	2.64349	0.190983	2.63427
81	0.195575	2.64433	0.193554	2.63556
82	0.19836	2.64376	0.196163	2.63553
83	0.201191	2.64175	0.198803	2.63414
84	0.204062	2.63828	0.201465	2.63142
85	0.206962	2.63335	0.204139	2.62734
86	0.209878	2.62696	0.20681	2.62193
87	0.212797	2.6191	0.209464	2.61521
88	0.215698	2.6098	0.212082	2.6072
89	0.21856	2.59909	0.214643	2.59796
90	0.221357	2.58701	0.217123	2.58753
91	0.224059	2.57363	0.219493	2.576
92	0.226631	2.55903	0.221723	2.56346
93	0.229033	2.54331	0.223781	2.55002
94	0.231223	2.52661	0.22563	2.53581
95	0.233153	2.50906	0.227234	2.52098
96	0.234773	2.49087	0.228555	2.5057
97	0.236033	2.47222	0.229558	2.49015
98	0.236882	2.45336	0.23021	2.47454
99	0.237274	2.43452	0.230483	2.45908
100	0.237167	2.41599	0.230354	2.44398
101	0.236531	2.39804	0.229811	2.42947
102	0.235347	2.38096	0.228851	2.41574
103	0.233612	2.36502	0.227484	2.40301
104	0.231342	2.35049	0.22573	2.39145
105	0.228569	2.33759	0.223621	2.3812
106	0.225346	2.32653	0.2212	2.37241
107	0.221745	2.31746	0.21852	2.36515
108	0.217848	2.31048	0.215639	2.35948
109	0.213749	2.30566	0.212618	2.35544
110	0.209546	2.30299	0.209522	2.35299
111	0.205334	2.30242	0.206411	2.35212
112	0.201205	2.30389	0.203343	2.35276
113	0.197237	2.30725	0.200367	2.35481
114	0.193497	2.31237	0.197527	2.35818
115	0.190038	2.31908	0.194859	2.36276
116	0.186895	2.32721	0.19239	2.36843
117	0.184092	2.33656	0.190139	2.37505
118	0.181639	2.34697	0.188119	2.38252
119	0.179536	2.35825	0.186336	2.3907
120	0.177775	2.37025	0.18479	2.39947
121	0.176342	2.38279	0.18348	2.40873
122	0.175219	2.39574	0.182397	2.41835
123	0.174386	2.40897	0.181535	2.42824
124	0.173822	2.42234	0.180881	2.4383
125	0.173506	2.43574	0.180426	2.44843
126	0.173416	2.44908	0.180156	2.45856
127	0.173534	2.46226	0.180061	2.46861
128	0.173841	2.47518	0.180129	2.4785
129	0.174321	2.48778	0.180347	2.48817
130	0.17496	2.49998	0.180706	2.49755
131	0.175743	2.51172	0.181195	2.5066
132	0.17666	2.52293	0.181803	2.51524
133	0.177699	2.53356	0.182523	2.52345
134	0.17885	2.54356	0.183345	2.53116
135	0.180106	2.55288	0.184262	2.53835
136	0.181458	2.56147	0.185264	2.54497
137	0.1829	2.5693	0.186345	2.55099
138	0.184425	2.57633	0.187498	2.55637
139	0.186026	2.58251	0.188716	2.56111
140	0.187698	2.58783	0.18999	2.56516
141	0.189434	2.59224	0.191316	2.56851
142	0.191229	2.59573	0.192684	2.57114
143	0.193076	2.59827	0.194088	2.57304
144	0.194967	2.59984	0.19552	2.57421
145	0.196896	2.60043	0.196973	2.57464
146	0.198855	2.60002	0.198436	2.57432
147	0.200834	2.59862	0.199902	2.57327
148	0.202824	2.59621	0.201361	2.5715
149	0.204813	2.59281	0.202802	2.56901
150	0.206789	2.58843	0.204215	2.56584
151	0.208737	2.58308	0.205589	2.56202
152	0.210642	2.57681	0.20691	2.55757
153	0.212488	2.56964	0.208168	2.55254
154	0.214255	2.56163	0.20935	2.54697
155	0.215924	2.55284	0.210441	2.54093
156	0.217472	2.54333	0.211431	2.53447
157	0.218878	2.53318	0.212305	2.52766
158	0.220119	2.5225	0.213052	2.52056
159	0.22117	2.51139	0.21366	2.51327
160	0.222009	2.49997	0.214121	2.50586
161	0.222613	2.48836	0.214425	2.49841
162	0.222964	2.4767	0.214567	2.49102
163	0.223044	2.46514	0.214541	2.48376
164	0.222841	2.45382	0.214347	2.47672
165	0.222347	2.4429	0.213987	2.46999
166	0.221559	2.43251	0.213464	2.46364
167	0.220484	2.42281	0.212787	2.45775
168	0.219132	2.41392	0.211964	2.45238
169	0.217523	2.40596	0.21101	2.44759
170	0.215682	2.39904	0.209939	2.44342
171	0.213641	2.39324	0.208769	2.43991
172	0.211437	2.38862	0.207519	2.43708
173	0.209111	2.38523	0.206208	2.43496
174	0.206705	2.38308	0.204856	2.43354
175	0.204264	2.38217	0.203484	2.43283
176	0.201828	2.38247	0.202112	2.4328
177	0.199439	2.38395	0.200756	2.43344
178	0.197131	2.38654	0.199436	2.43472
179	0.194937	2.39017	0.198165	2.43659
180	0.192882	2.39475	0.196958	2.43902
181	0.190987	2.40021	0.195826	2.44196
182	0.189269	2.40643	0.194779	2.44536
183	0.187737	2.41333	0.193824	2.44917
184	0.186397	2.4208	0.192966	2.45333
185	0.185253	2.42875	0.192211	2.4578
186	0.184302	2.43707	0.191559	2.46251
187	0.183541	2.44568	0.191013	2.46742
188	0.182965	2.45448	0.190572	2.47247
189	0.182566	2.4634	0.190235	2.47761
190	0.182336	2.47235	0.189999	2.48279
191	0.182266	2.48125	0.189862	2.48796
192	0.182348	2.49004	0.189821	2.49309
193	0.182572	2.49864	0.189871	2.49812
194	0.182929	2.50699	0.190008	2.50301
195	0.18341	2.51505	0.190228	2.50774
196	0.184007	2.52275	0.190525	2.51226
197	0.184712	2.53004	0.190895	2.51653
198	0.185517	2.53688	0.191333	2.52054
199	0.186413	2.54322	0.191833	2.52425
